1 0.421945 0.567651 0.103279 0.087367
1 0.530663 0.560676 0.126604 0.089223
1 0.965176 0.654652 0.069647 0.091100
1 0.056375 0.568111 0.110679 0.119503
1 0.322424 0.565424 0.101516 0.124868
1 0.532423 0.667297 0.095001 0.079568
1 0.265784 0.794083 0.132486 0.097303
1 0.849709 0.653707 0.113664 0.087839
1 0.229923 0.556345 0.096144 0.101914
1 0.069153 0.667367 0.137302 0.092705
1 0.976578 0.886920 0.046844 0.095325
1 0.829356 0.897088 0.058449 0.117886
1 0.140967 0.904674 0.160560 0.102985
1 0.640026 0.662145 0.115647 0.087205
1 0.691352 0.561904 0.104441 0.080671
1 0.051197 0.905260 0.102394 0.103708
1 0.740515 0.653528 0.118251 0.099955
1 0.673615 0.900817 0.102829 0.110354
1 0.757271 0.899353 0.101396 0.113773
1 0.052124 0.794430 0.100810 0.087386
1 0.614384 0.560149 0.104904 0.123580
1 0.251018 0.903328 0.106009 0.103186
1 0.360446 0.669635 0.127015 0.079715
1 0.788181 0.553844 0.145137 0.116829
1 0.150091 0.573583 0.094048 0.107133
1 0.497938 0.902084 0.080159 0.109139
1 0.908948 0.653430 0.066687 0.088886
1 0.392402 0.661948 0.193658 0.096459
1 0.943991 0.553540 0.111340 0.097072
1 0.398107 0.900619 0.055463 0.110849
1 0.439560 0.661803 0.102916 0.096777
1 0.433661 0.895832 0.059259 0.122947
1 0.564581 0.900040 0.079037 0.112827
1 0.485741 0.901958 0.054652 0.107250
1 0.971997 0.771257 0.053870 0.073202
1 0.899374 0.900059 0.087577 0.111950
1 0.920653 0.554920 0.156812 0.107191
1 0.600854 0.900638 0.060196 0.108012
1 0.359923 0.793336 0.080299 0.093048
1 0.281209 0.659266 0.086297 0.066822
1 0.330679 0.906171 0.088836 0.099410
1 0.751724 0.899580 0.065206 0.111829
1 0.190881 0.657866 0.108531 0.088903
