1 0.712483 0.767262 0.118927 0.266967
1 0.265063 0.776854 0.120766 0.269638
1 0.251099 0.426727 0.162128 0.231708
1 0.370521 0.764947 0.127894 0.285372
1 0.117970 0.141783 0.127511 0.177815
1 0.678938 0.427364 0.143978 0.216247
1 0.594209 0.762330 0.134133 0.273100
1 0.208779 0.139179 0.126124 0.197540
1 0.423555 0.121897 0.140148 0.224048
1 0.385589 0.441432 0.134945 0.205868
1 0.307863 0.129206 0.105116 0.207659
1 0.652978 0.116587 0.138942 0.221161
1 0.054667 0.436314 0.106762 0.209238
1 0.882691 0.130022 0.149779 0.237644
1 0.497259 0.430021 0.100738 0.212249
1 0.960188 0.151504 0.079623 0.180412
1 0.815494 0.428307 0.173082 0.263564
1 0.034523 0.131003 0.069046 0.199023
1 0.480062 0.775822 0.097874 0.303230
1 0.852704 0.764108 0.161082 0.268063
1 0.767938 0.135156 0.108726 0.217431
1 0.948054 0.753201 0.103893 0.250732
1 0.574792 0.432456 0.102292 0.212155
1 0.137353 0.435584 0.111240 0.215811
1 0.940420 0.431972 0.119159 0.233657
1 0.162720 0.764610 0.096459 0.272743
1 0.521959 0.135027 0.097535 0.206857
1 0.073102 0.791178 0.145015 0.270277
1 0.038197 0.086626 0.076345 0.113702
