1 0.653207 0.375688 0.062866 0.141215
1 0.670450 0.151404 0.078049 0.177749
1 0.635864 0.821618 0.103699 0.174171
1 0.262235 0.188705 0.078857 0.117842
1 0.348278 0.387379 0.062181 0.124037
1 0.413966 0.374315 0.077124 0.151228
1 0.481562 0.384446 0.064945 0.131062
1 0.288161 0.598200 0.081122 0.152276
1 0.713260 0.387198 0.072567 0.112864
1 0.421343 0.144568 0.095967 0.152445
1 0.119788 0.190625 0.127104 0.110591
1 0.245269 0.815774 0.087593 0.185330
1 0.290432 0.388086 0.077763 0.122279
1 0.321462 0.191364 0.061107 0.110754
1 0.551244 0.173254 0.076758 0.138329
1 0.643262 0.606106 0.207616 0.187538
1 0.107148 0.386351 0.100479 0.126045
1 0.552410 0.366019 0.081920 0.092259
1 0.437319 0.815628 0.134305 0.206040
1 0.321021 0.815947 0.099221 0.193326
1 0.604233 0.379725 0.041221 0.136854
1 0.940669 0.589772 0.117359 0.148551
1 0.770532 0.837090 0.085845 0.131616
1 0.199164 0.373386 0.112308 0.162496
1 0.825984 0.377370 0.080831 0.130013
1 0.538276 0.809785 0.085299 0.197089
1 0.820225 0.590411 0.165511 0.158574
1 0.367753 0.591905 0.110142 0.172496
1 0.157602 0.812559 0.092271 0.186198
1 0.862392 0.831887 0.273211 0.151366
1 0.553893 0.384943 0.083257 0.125938
1 0.732930 0.168002 0.064672 0.145237
1 0.799455 0.375252 0.128504 0.136583
1 0.604210 0.184435 0.062085 0.115596
1 0.485160 0.184241 0.070150 0.119735
1 0.504430 0.595225 0.114135 0.174497
1 0.668728 0.376379 0.037586 0.140867
1 0.425926 0.599094 0.073961 0.164369
1 0.766177 0.376249 0.064868 0.134759
1 0.408513 0.820706 0.079507 0.189731
1 0.779273 0.593259 0.082496 0.154579
1 0.489598 0.594767 0.081522 0.168202
1 0.466164 0.812091 0.079035 0.195566
